tests/test_data/mslp.txt
ncols         144
nrows         73
xllcorner     1.25
yllcorner     -88.75
cellsize      2.5
NODATA_value  -9999
[rows 22 to 43 of 73, columns 48 to 95 of 144]
1.0247727e+003 1.0241890e+003 1.0231353e+003 1.0216747e+003 1.0206223e+003 1.0196990e+003 1.0184340e+003 1.0170917e+003 1.0156103e+003 1.0147703e+003 1.0140540e+003 1.0130830e+003 1.0125317e+003 1.0123630e+003 1.0119573e+003 1.0115213e+003 1.0113907e+003 1.0113560e+003 1.0111800e+003 1.0110840e+003 1.0113763e+003 1.0116320e+003 1.0115177e+003 1.0116407e+003 1.0120870e+003 1.0122663e+003 1.0123850e+003 1.0126957e+003 1.0128333e+003 1.0129483e+003 1.0134177e+003 1.0139580e+003 1.0142563e+003 1.0144360e+003 1.0147683e+003 1.0153763e+003 1.0161133e+003 1.0167473e+003 1.0171963e+003 1.0176787e+003 1.0184373e+003 1.0191577e+003 1.0194583e+003 1.0195473e+003 1.0196937e+003 1.0196703e+003 1.0191740e+003 1.0183807e+003
1.0245613e+003 1.0238247e+003 1.0224863e+003 1.0208760e+003 1.0197767e+003 1.0188683e+003 1.0177457e+003 1.0166660e+003 1.0157890e+003 1.0151587e+003 1.0146693e+003 1.0143650e+003 1.0141920e+003 1.0138153e+003 1.0134197e+003 1.0134027e+003 1.0134347e+003 1.0132997e+003 1.0132787e+003 1.0133863e+003 1.0134397e+003 1.0134940e+003 1.0137467e+003 1.0141373e+003 1.0143247e+003 1.0143937e+003 1.0146757e+003 1.0149290e+003 1.0150033e+003 1.0152293e+003 1.0154617e+003 1.0154523e+003 1.0155320e+003 1.0159540e+003 1.0165910e+003 1.0170530e+003 1.0171803e+003 1.0175093e+003 1.0182990e+003 1.0190487e+003 1.0194720e+003 1.0197107e+003 1.0199533e+003 1.0202723e+003 1.0204660e+003 1.0202550e+003 1.0194233e+003 1.0181913e+003
1.0237990e+003 1.0230840e+003 1.0218377e+003 1.0204627e+003 1.0191757e+003 1.0182707e+003 1.0177197e+003 1.0171950e+003 1.0167010e+003 1.0163223e+003 1.0160300e+003 1.0158230e+003 1.0155990e+003 1.0153900e+003 1.0154190e+003 1.0154537e+003 1.0152067e+003 1.0150610e+003 1.0152420e+003 1.0153817e+003 1.0153627e+003 1.0154570e+003 1.0156683e+003 1.0157557e+003 1.0158013e+003 1.0160140e+003 1.0161880e+003 1.0161737e+003 1.0162717e+003 1.0164503e+003 1.0164237e+003 1.0165293e+003 1.0169647e+003 1.0172027e+003 1.0172487e+003 1.0175920e+003 1.0181903e+003 1.0187450e+003 1.0190893e+003 1.0192883e+003 1.0196430e+003 1.0202227e+003 1.0207483e+003 1.0209060e+003 1.0206210e+003 1.0202530e+003 1.0199863e+003 1.0194407e+003
1.0221723e+003 1.0212420e+003 1.0203007e+003 1.0194050e+003 1.0186720e+003 1.0184403e+003 1.0180940e+003 1.0176030e+003 1.0173487e+003 1.0171403e+003 1.0168893e+003 1.0166760e+003 1.0165257e+003 1.0164660e+003 1.0162900e+003 1.0160127e+003 1.0160197e+003 1.0161697e+003 1.0160790e+003 1.0159897e+003 1.0162020e+003 1.0164297e+003 1.0164283e+003 1.0165023e+003 1.0167753e+003 1.0169223e+003 1.0168293e+003 1.0167583e+003 1.0168160e+003 1.0168700e+003 1.0169593e+003 1.0171473e+003 1.0172607e+003 1.0173047e+003 1.0175070e+003 1.0178483e+003 1.0181967e+003 1.0185207e+003 1.0188843e+003 1.0194183e+003 1.0199497e+003 1.0201467e+003 1.0201090e+003 1.0201293e+003 1.0202480e+003 1.0202140e+003 1.0197213e+003 1.0189863e+003
1.0197367e+003 1.0190063e+003 1.0188297e+003 1.0183323e+003 1.0180913e+003 1.0180183e+003 1.0176063e+003 1.0174030e+003 1.0172870e+003 1.0169710e+003 1.0168327e+003 1.0167760e+003 1.0166030e+003 1.0165263e+003 1.0164197e+003 1.0163110e+003 1.0163377e+003 1.0162860e+003 1.0162920e+003 1.0164040e+003 1.0164150e+003 1.0163733e+003 1.0164167e+003 1.0166047e+003 1.0166363e+003 1.0165077e+003 1.0166313e+003 1.0168807e+003 1.0169570e+003 1.0169743e+003 1.0170507e+003 1.0170077e+003 1.0168453e+003 1.0170167e+003 1.0174663e+003 1.0176627e+003 1.0177863e+003 1.0181810e+003 1.0186493e+003 1.0190157e+003 1.0192273e+003 1.0193887e+003 1.0197313e+003 1.0200050e+003 1.0199523e+003 1.0197387e+003 1.0193647e+003 1.0188733e+003
1.0169580e+003 1.0170277e+003 1.0171703e+003 1.0169507e+003 1.0171657e+003 1.0170277e+003 1.0168340e+003 1.0168087e+003 1.0165170e+003 1.0162250e+003 1.0161083e+003 1.0159660e+003 1.0157880e+003 1.0157503e+003 1.0157430e+003 1.0157907e+003 1.0157457e+003 1.0155983e+003 1.0158050e+003 1.0159773e+003 1.0159420e+003 1.0160680e+003 1.0161707e+003 1.0162010e+003 1.0161970e+003 1.0162450e+003 1.0162900e+003 1.0161077e+003 1.0160593e+003 1.0161913e+003 1.0162543e+003 1.0164120e+003 1.0165313e+003 1.0163753e+003 1.0162370e+003 1.0164820e+003 1.0170887e+003 1.0176290e+003 1.0178563e+003 1.0179783e+003 1.0182447e+003 1.0185507e+003 1.0187293e+003 1.0186937e+003 1.0184673e+003 1.0183627e+003 1.0184653e+003 1.0183937e+003
1.0155713e+003 1.0160020e+003 1.0155523e+003 1.0156443e+003 1.0158407e+003 1.0154743e+003 1.0155347e+003 1.0153113e+003 1.0150500e+003 1.0151380e+003 1.0149567e+003 1.0148267e+003 1.0148797e+003 1.0148447e+003 1.0146477e+003 1.0145987e+003 1.0148017e+003 1.0149707e+003 1.0150003e+003 1.0148410e+003 1.0148780e+003 1.0150593e+003 1.0150090e+003 1.0150497e+003 1.0151840e+003 1.0152633e+003 1.0152660e+003 1.0152583e+003 1.0154793e+003 1.0156147e+003 1.0155377e+003 1.0155117e+003 1.0154760e+003 1.0155087e+003 1.0157613e+003 1.0161320e+003 1.0162637e+003 1.0162540e+003 1.0165603e+003 1.0169640e+003 1.0172107e+003 1.0172790e+003 1.0171777e+003 1.0173293e+003 1.0176670e+003 1.0176173e+003 1.0172180e+003 1.0167523e+003
1.0141663e+003 1.0141533e+003 1.0141027e+003 1.0145427e+003 1.0142660e+003 1.0140450e+003 1.0142157e+003 1.0139217e+003 1.0138910e+003 1.0137773e+003 1.0134517e+003 1.0134870e+003 1.0133983e+003 1.0133700e+003 1.0135647e+003 1.0136273e+003 1.0136200e+003 1.0136700e+003 1.0137877e+003 1.0139370e+003 1.0140420e+003 1.0139653e+003 1.0139870e+003 1.0141727e+003 1.0141077e+003 1.0139710e+003 1.0139807e+003 1.0140620e+003 1.0140477e+003 1.0139890e+003 1.0142603e+003 1.0145063e+003 1.0145403e+003 1.0147383e+003 1.0149037e+003 1.0149643e+003 1.0150507e+003 1.0152533e+003 1.0155460e+003 1.0155260e+003 1.0154270e+003 1.0156733e+003 1.0159567e+003 1.0160113e+003 1.0158577e+003 1.0156887e+003 1.0157573e+003 1.0157813e+003
1.0130513e+003 1.0132090e+003 1.0133960e+003 1.0130053e+003 1.0126173e+003 1.0128393e+003 1.0125497e+003 1.0123417e+003 1.0124567e+003 1.0121467e+003 1.0121530e+003 1.0122957e+003 1.0121113e+003 1.0120903e+003 1.0121263e+003 1.0121310e+003 1.0122017e+003 1.0122737e+003 1.0123137e+003 1.0123493e+003 1.0123457e+003 1.0123527e+003 1.0125053e+003 1.0125240e+003 1.0125273e+003 1.0127307e+003 1.0127617e+003 1.0127457e+003 1.0128307e+003 1.0129297e+003 1.0130637e+003 1.0131367e+003 1.0133273e+003 1.0135393e+003 1.0135347e+003 1.0135867e+003 1.0137650e+003 1.0138777e+003 1.0138707e+003 1.0139680e+003 1.0142257e+003 1.0143077e+003 1.0142773e+003 1.0142800e+003 1.0142513e+003 1.0142793e+003 1.0142590e+003 1.0140287e+003
1.0121357e+003 1.0123590e+003 1.0122727e+003 1.0116810e+003 1.0117113e+003 1.0116253e+003 1.0111383e+003 1.0112523e+003 1.0111373e+003 1.0109717e+003 1.0110843e+003 1.0107793e+003 1.0108190e+003 1.0110083e+003 1.0108170e+003 1.0108413e+003 1.0109763e+003 1.0110900e+003 1.0111387e+003 1.0111257e+003 1.0111943e+003 1.0112727e+003 1.0112837e+003 1.0111970e+003 1.0112517e+003 1.0112920e+003 1.0112150e+003 1.0113160e+003 1.0114917e+003 1.0116533e+003 1.0116467e+003 1.0116630e+003 1.0118897e+003 1.0120233e+003 1.0122977e+003 1.0125313e+003 1.0124413e+003 1.0124617e+003 1.0125623e+003 1.0127157e+003 1.0128607e+003 1.0127733e+003 1.0128397e+003 1.0130510e+003 1.0131660e+003 1.0131493e+003 1.0128880e+003 1.0128677e+003
1.0113577e+003 1.0111517e+003 1.0112237e+003 1.0110780e+003 1.0108550e+003 1.0102647e+003 1.0102913e+003 1.0103063e+003 1.0099127e+003 1.0100600e+003 1.0100793e+003 1.0098210e+003 1.0098677e+003 1.0096643e+003 1.0096233e+003 1.0097970e+003 1.0096363e+003 1.0096353e+003 1.0097783e+003 1.0098760e+003 1.0099173e+003 1.0098450e+003 1.0098760e+003 1.0100253e+003 1.0101340e+003 1.0100590e+003 1.0101820e+003 1.0103523e+003 1.0102093e+003 1.0102660e+003 1.0104707e+003 1.0107080e+003 1.0108603e+003 1.0108007e+003 1.0108837e+003 1.0109023e+003 1.0109970e+003 1.0113413e+003 1.0114913e+003 1.0114613e+003 1.0114387e+003 1.0116317e+003 1.0119077e+003 1.0117763e+003 1.0115570e+003 1.0116620e+003 1.0117530e+003 1.0119787e+003
1.0106953e+003 1.0103920e+003 1.0108330e+003 1.0105003e+003 1.0099423e+003 1.0096983e+003 1.0097700e+003 1.0093410e+003 1.0093417e+003 1.0094430e+003 1.0091077e+003 1.0092640e+003 1.0092367e+003 1.0089100e+003 1.0089727e+003 1.0088973e+003 1.0089347e+003 1.0091913e+003 1.0091660e+003 1.0091297e+003 1.0091117e+003 1.0090950e+003 1.0091293e+003 1.0090567e+003 1.0090680e+003 1.0091780e+003 1.0092653e+003 1.0093197e+003 1.0094727e+003 1.0096797e+003 1.0096597e+003 1.0096173e+003 1.0096920e+003 1.0099553e+003 1.0101617e+003 1.0101853e+003 1.0103900e+003 1.0103343e+003 1.0102913e+003 1.0106383e+003 1.0108300e+003 1.0108997e+003 1.0108447e+003 1.0109797e+003 1.0112983e+003 1.0114277e+003 1.0114137e+003 1.0111310e+003
1.0103270e+003 1.0100853e+003 1.0100013e+003 1.0098383e+003 1.0095973e+003 1.0095293e+003 1.0092643e+003 1.0090473e+003 1.0092780e+003 1.0090440e+003 1.0087980e+003 1.0088137e+003 1.0084650e+003 1.0085723e+003 1.0086497e+003 1.0083917e+003 1.0085433e+003 1.0085300e+003 1.0084707e+003 1.0086250e+003 1.0086303e+003 1.0086177e+003 1.0086187e+003 1.0085970e+003 1.0086433e+003 1.0087247e+003 1.0086830e+003 1.0086607e+003 1.0088173e+003 1.0088537e+003 1.0089453e+003 1.0092030e+003 1.0092713e+003 1.0093097e+003 1.0093277e+003 1.0093900e+003 1.0096103e+003 1.0097247e+003 1.0100063e+003 1.0101520e+003 1.0100880e+003 1.0102973e+003 1.0103437e+003 1.0105290e+003 1.0105937e+003 1.0103550e+003 1.0107170e+003 1.0110113e+003
1.0103593e+003 1.0100557e+003 1.0098977e+003 1.0097077e+003 1.0095370e+003 1.0092030e+003 1.0090177e+003 1.0090750e+003 1.0087920e+003 1.0085533e+003 1.0087917e+003 1.0086847e+003 1.0084693e+003 1.0085573e+003 1.0083220e+003 1.0084267e+003 1.0085703e+003 1.0083130e+003 1.0084420e+003 1.0084140e+003 1.0082617e+003 1.0082437e+003 1.0081517e+003 1.0082767e+003 1.0083047e+003 1.0083013e+003 1.0084990e+003 1.0086723e+003 1.0087210e+003 1.0087197e+003 1.0088627e+003 1.0089503e+003 1.0089783e+003 1.0090520e+003 1.0091630e+003 1.0093210e+003 1.0093680e+003 1.0095220e+003 1.0097333e+003 1.0097403e+003 1.0098943e+003 1.0102210e+003 1.0103413e+003 1.0103953e+003 1.0105007e+003 1.0106630e+003 1.0107740e+003 1.0107100e+003
1.0102703e+003 1.0101250e+003 1.0096980e+003 1.0094873e+003 1.0094233e+003 1.0094137e+003 1.0092843e+003 1.0091860e+003 1.0089923e+003 1.0089760e+003 1.0086740e+003 1.0083350e+003 1.0085263e+003 1.0085140e+003 1.0083233e+003 1.0084510e+003 1.0083210e+003 1.0083227e+003 1.0084540e+003 1.0081957e+003 1.0082733e+003 1.0083923e+003 1.0082620e+003 1.0082813e+003 1.0082437e+003 1.0082860e+003 1.0083080e+003 1.0082763e+003 1.0083857e+003 1.0085853e+003 1.0086840e+003 1.0085743e+003 1.0087403e+003 1.0089197e+003 1.0090120e+003 1.0092110e+003 1.0092957e+003 1.0094573e+003 1.0094780e+003 1.0097320e+003 1.0100527e+003 1.0099130e+003 1.0100283e+003 1.0101847e+003 1.0103247e+003 1.0106007e+003 1.0105367e+003 1.0105643e+003
1.0106673e+003 1.0100903e+003 1.0096050e+003 1.0093797e+003 1.0092867e+003 1.0093393e+003 1.0095003e+003 1.0096083e+003 1.0093903e+003 1.0088303e+003 1.0086160e+003 1.0087010e+003 1.0085807e+003 1.0083277e+003 1.0085107e+003 1.0083937e+003 1.0081643e+003 1.0082903e+003 1.0081127e+003 1.0081083e+003 1.0081943e+003 1.0079817e+003 1.0080373e+003 1.0081270e+003 1.0081453e+003 1.0083377e+003 1.0083610e+003 1.0084593e+003 1.0085767e+003 1.0085257e+003 1.0086657e+003 1.0088373e+003 1.0089717e+003 1.0089150e+003 1.0089150e+003 1.0090790e+003 1.0091987e+003 1.0095290e+003 1.0096380e+003 1.0097593e+003 1.0098837e+003 1.0099683e+003 1.0103873e+003 1.0104387e+003 1.0103773e+003 1.0103800e+003 1.0105507e+003 1.0109427e+003
1.0097523e+003 1.0095087e+003 1.0093680e+003 1.0092383e+003 1.0090830e+003 1.0090020e+003 1.0090620e+003 1.0097933e+003 1.0100757e+003 1.0101590e+003 1.0097747e+003 1.0085450e+003 1.0084357e+003 1.0083267e+003 1.0083233e+003 1.0081083e+003 1.0082190e+003 1.0082857e+003 1.0080797e+003 1.0083160e+003 1.0082203e+003 1.0081153e+003 1.0082833e+003 1.0081927e+003 1.0081617e+003 1.0081813e+003 1.0081973e+003 1.0083537e+003 1.0084590e+003 1.0084823e+003 1.0085970e+003 1.0086240e+003 1.0086510e+003 1.0088773e+003 1.0092073e+003 1.0094353e+003 1.0094613e+003 1.0095510e+003 1.0097103e+003 1.0098913e+003 1.0100343e+003 1.0102827e+003 1.0103287e+003 1.0102617e+003 1.0107347e+003 1.0108940e+003 1.0109247e+003 1.0109447e+003
1.0093927e+003 1.0091470e+003 1.0089840e+003 1.0087680e+003 1.0086257e+003 1.0085913e+003 1.0084770e+003 1.0084077e+003 1.0084323e+003 1.0088040e+003 1.0097887e+003 1.0089673e+003 1.0082387e+003 1.0083043e+003 1.0080883e+003 1.0079253e+003 1.0078937e+003 1.0077320e+003 1.0078113e+003 1.0078777e+003 1.0077370e+003 1.0080317e+003 1.0079540e+003 1.0078963e+003 1.0081937e+003 1.0082200e+003 1.0083987e+003 1.0083987e+003 1.0083920e+003 1.0086073e+003 1.0086883e+003 1.0087853e+003 1.0089413e+003 1.0090857e+003 1.0090697e+003 1.0092003e+003 1.0095453e+003 1.0097527e+003 1.0099550e+003 1.0101953e+003 1.0103147e+003 1.0104717e+003 1.0105900e+003 1.0107550e+003 1.0109253e+003 1.0108527e+003 1.0110940e+003 1.0112923e+003
1.0088123e+003 1.0087613e+003 1.0085580e+003 1.0082367e+003 1.0081113e+003 1.0080070e+003 1.0078753e+003 1.0079027e+003 1.0081273e+003 1.0083600e+003 1.0081650e+003 1.0083040e+003 1.0082320e+003 1.0079963e+003 1.0078893e+003 1.0078900e+003 1.0077203e+003 1.0076433e+003 1.0078213e+003 1.0077760e+003 1.0077647e+003 1.0079453e+003 1.0077827e+003 1.0079673e+003 1.0080673e+003 1.0079627e+003 1.0083300e+003 1.0084533e+003 1.0085783e+003 1.0086110e+003 1.0085603e+003 1.0088463e+003 1.0090087e+003 1.0092190e+003 1.0095047e+003 1.0097590e+003 1.0099693e+003 1.0101100e+003 1.0102557e+003 1.0103780e+003 1.0105660e+003 1.0107743e+003 1.0111137e+003 1.0114290e+003 1.0114733e+003 1.0116553e+003 1.0119617e+003 1.0119257e+003
1.0084677e+003 1.0082130e+003 1.0078087e+003 1.0076257e+003 1.0075563e+003 1.0075400e+003 1.0075323e+003 1.0075903e+003 1.0076400e+003 1.0078277e+003 1.0079617e+003 1.0078610e+003 1.0077137e+003 1.0077123e+003 1.0077767e+003 1.0075140e+003 1.0073923e+003 1.0074487e+003 1.0072973e+003 1.0073667e+003 1.0075727e+003 1.0076090e+003 1.0077930e+003 1.0080107e+003 1.0079190e+003 1.0081083e+003 1.0083250e+003 1.0083397e+003 1.0086343e+003 1.0086997e+003 1.0088570e+003 1.0091390e+003 1.0091940e+003 1.0094590e+003 1.0097433e+003 1.0099607e+003 1.0100860e+003 1.0103423e+003 1.0106650e+003 1.0108450e+003 1.0111667e+003 1.0113470e+003 1.0114577e+003 1.0116327e+003 1.0119677e+003 1.0123443e+003 1.0123717e+003 1.0124927e+003
1.0078330e+003 1.0075747e+003 1.0074257e+003 1.0072407e+003 1.0070563e+003 1.0072097e+003 1.0071523e+003 1.0073137e+003 1.0077537e+003 1.0080533e+003 1.0081323e+003 1.0078633e+003 1.0077457e+003 1.0077547e+003 1.0077533e+003 1.0075287e+003 1.0075270e+003 1.0075677e+003 1.0074183e+003 1.0075527e+003 1.0076060e+003 1.0075900e+003 1.0078337e+003 1.0078583e+003 1.0079687e+003 1.0083747e+003 1.0084990e+003 1.0087413e+003 1.0090037e+003 1.0090217e+003 1.0093037e+003 1.0094747e+003 1.0097773e+003 1.0101190e+003 1.0100633e+003 1.0103657e+003 1.0107527e+003 1.0110280e+003 1.0112547e+003 1.0113937e+003 1.0116783e+003 1.0119953e+003 1.0124860e+003 1.0128127e+003 1.0130167e+003 1.0131390e+003 1.0132387e+003 1.0136763e+003
1.0070480e+003 1.0068577e+003 1.0069870e+003 1.0070353e+003 1.0068357e+003 1.0068067e+003 1.0069693e+003 1.0071680e+003 1.0075580e+003 1.0081673e+003 1.0089550e+003 1.0085520e+003 1.0083790e+003 1.0080423e+003 1.0079573e+003 1.0080043e+003 1.0078473e+003 1.0077653e+003 1.0079270e+003 1.0080123e+003 1.0079927e+003 1.0081040e+003 1.0081483e+003 1.0082077e+003 1.0084807e+003 1.0085097e+003 1.0085900e+003 1.0090500e+003 1.0091823e+003 1.0093360e+003 1.0097057e+003 1.0097663e+003 1.0100570e+003 1.0103600e+003 1.0105560e+003 1.0109677e+003 1.0111490e+003 1.0114053e+003 1.0117300e+003 1.0120980e+003 1.0125043e+003 1.0127093e+003 1.0130800e+003 1.0133227e+003 1.0136240e+003 1.0140140e+003 1.0142760e+003 1.0144707e+003
