tests/test_data/mslp.txt
ncols         144
nrows         73
xllcorner     1.25
yllcorner     -88.75
cellsize      2.5
NODATA_value  -9999
[rows 44 to 65 of 73, columns 48 to 95 of 144]
1.0065203e+003 1.0062597e+003 1.0064337e+003 1.0067847e+003 1.0071520e+003 1.0073110e+003 1.0072993e+003 1.0073067e+003 1.0073177e+003 1.0082273e+003 1.0096500e+003 1.0096280e+003 1.0094607e+003 1.0092657e+003 1.0090540e+003 1.0089400e+003 1.0087050e+003 1.0086427e+003 1.0087750e+003 1.0087533e+003 1.0087977e+003 1.0087827e+003 1.0085747e+003 1.0087173e+003 1.0090457e+003 1.0092257e+003 1.0095197e+003 1.0096873e+003 1.0097693e+003 1.0101500e+003 1.0104393e+003 1.0107043e+003 1.0110260e+003 1.0110473e+003 1.0112393e+003 1.0114010e+003 1.0115173e+003 1.0121443e+003 1.0125197e+003 1.0128210e+003 1.0133250e+003 1.0136777e+003 1.0141110e+003 1.0143727e+003 1.0147310e+003 1.0150343e+003 1.0151367e+003 1.0154513e+003
1.0070133e+003 1.0070277e+003 1.0072027e+003 1.0074067e+003 1.0081613e+003 1.0090543e+003 1.0087833e+003 1.0080867e+003 1.0078067e+003 1.0085530e+003 1.0100343e+003 1.0108223e+003 1.0107700e+003 1.0106340e+003 1.0103320e+003 1.0101650e+003 1.0101103e+003 1.0100287e+003 1.0099620e+003 1.0100507e+003 1.0101443e+003 1.0099957e+003 1.0099340e+003 1.0100033e+003 1.0099177e+003 1.0100377e+003 1.0102473e+003 1.0102527e+003 1.0105623e+003 1.0108667e+003 1.0108660e+003 1.0112430e+003 1.0116717e+003 1.0118323e+003 1.0121340e+003 1.0123073e+003 1.0125850e+003 1.0130353e+003 1.0131957e+003 1.0135730e+003 1.0139917e+003 1.0143320e+003 1.0148720e+003 1.0151853e+003 1.0155353e+003 1.0158290e+003 1.0160687e+003 1.0164827e+003
1.0088423e+003 1.0089247e+003 1.0090427e+003 1.0092213e+003 1.0099450e+003 1.0105670e+003 1.0099693e+003 1.0091403e+003 1.0088087e+003 1.0092163e+003 1.0103433e+003 1.0115827e+003 1.0122127e+003 1.0121310e+003 1.0120257e+003 1.0117763e+003 1.0115967e+003 1.0113893e+003 1.0112630e+003 1.0113093e+003 1.0112587e+003 1.0111613e+003 1.0112783e+003 1.0113370e+003 1.0113140e+003 1.0114330e+003 1.0114600e+003 1.0115437e+003 1.0118113e+003 1.0119750e+003 1.0122747e+003 1.0126150e+003 1.0126583e+003 1.0127987e+003 1.0129510e+003 1.0130177e+003 1.0133447e+003 1.0135740e+003 1.0139133e+003 1.0146080e+003 1.0149403e+003 1.0152170e+003 1.0156337e+003 1.0158610e+003 1.0163087e+003 1.0166987e+003 1.0170173e+003 1.0173600e+003
1.0105063e+003 1.0107833e+003 1.0111653e+003 1.0115940e+003 1.0119303e+003 1.0117760e+003 1.0109977e+003 1.0105810e+003 1.0103843e+003 1.0102667e+003 1.0107357e+003 1.0115590e+003 1.0128570e+003 1.0135223e+003 1.0134043e+003 1.0130910e+003 1.0130293e+003 1.0131353e+003 1.0131710e+003 1.0130790e+003 1.0129520e+003 1.0129513e+003 1.0128780e+003 1.0127097e+003 1.0127750e+003 1.0128003e+003 1.0126900e+003 1.0128403e+003 1.0128990e+003 1.0128933e+003 1.0132673e+003 1.0134700e+003 1.0135500e+003 1.0139107e+003 1.0140013e+003 1.0140643e+003 1.0144137e+003 1.0146003e+003 1.0148703e+003 1.0151477e+003 1.0153387e+003 1.0159457e+003 1.0164603e+003 1.0167733e+003 1.0172660e+003 1.0174780e+003 1.0177193e+003 1.0181423e+003
1.0122000e+003 1.0129483e+003 1.0133790e+003 1.0134720e+003 1.0134150e+003 1.0131927e+003 1.0126423e+003 1.0120690e+003 1.0116503e+003 1.0113877e+003 1.0114713e+003 1.0119523e+003 1.0133950e+003 1.0143853e+003 1.0141700e+003 1.0140903e+003 1.0141473e+003 1.0142220e+003 1.0142613e+003 1.0142820e+003 1.0142433e+003 1.0142500e+003 1.0142197e+003 1.0141823e+003 1.0142147e+003 1.0140940e+003 1.0139733e+003 1.0140877e+003 1.0141983e+003 1.0143510e+003 1.0145243e+003 1.0145207e+003 1.0146623e+003 1.0148217e+003 1.0147757e+003 1.0149477e+003 1.0151050e+003 1.0151723e+003 1.0155670e+003 1.0158867e+003 1.0162167e+003 1.0167400e+003 1.0169377e+003 1.0172520e+003 1.0177387e+003 1.0180003e+003 1.0184650e+003 1.0187590e+003
1.0141357e+003 1.0148160e+003 1.0154197e+003 1.0156887e+003 1.0155937e+003 1.0151523e+003 1.0144173e+003 1.0137840e+003 1.0132883e+003 1.0127963e+003 1.0125640e+003 1.0130210e+003 1.0143660e+003 1.0147963e+003 1.0149353e+003 1.0149973e+003 1.0151620e+003 1.0152857e+003 1.0154387e+003 1.0155950e+003 1.0155363e+003 1.0153557e+003 1.0152740e+003 1.0152797e+003 1.0152320e+003 1.0152223e+003 1.0153000e+003 1.0152197e+003 1.0151423e+003 1.0153440e+003 1.0155017e+003 1.0156160e+003 1.0158383e+003 1.0158007e+003 1.0157757e+003 1.0160433e+003 1.0160683e+003 1.0161043e+003 1.0164227e+003 1.0165753e+003 1.0168557e+003 1.0172563e+003 1.0175190e+003 1.0181017e+003 1.0185057e+003 1.0185913e+003 1.0190617e+003 1.0192843e+003
1.0161183e+003 1.0163230e+003 1.0167257e+003 1.0169787e+003 1.0168910e+003 1.0164897e+003 1.0158867e+003 1.0152813e+003 1.0145747e+003 1.0138057e+003 1.0132553e+003 1.0139963e+003 1.0148443e+003 1.0151343e+003 1.0152997e+003 1.0153843e+003 1.0156640e+003 1.0159227e+003 1.0159997e+003 1.0160123e+003 1.0161020e+003 1.0161357e+003 1.0160457e+003 1.0159513e+003 1.0158153e+003 1.0157673e+003 1.0158707e+003 1.0158687e+003 1.0158630e+003 1.0159913e+003 1.0160090e+003 1.0160527e+003 1.0162267e+003 1.0162897e+003 1.0164060e+003 1.0165570e+003 1.0165660e+003 1.0167967e+003 1.0170230e+003 1.0169553e+003 1.0172007e+003 1.0175867e+003 1.0177637e+003 1.0181743e+003 1.0184767e+003 1.0185903e+003 1.0190390e+003 1.0192937e+003
1.0169603e+003 1.0170257e+003 1.0171273e+003 1.0170507e+003 1.0169130e+003 1.0168770e+003 1.0166990e+003 1.0162560e+003 1.0155570e+003 1.0147910e+003 1.0144160e+003 1.0146833e+003 1.0150027e+003 1.0153657e+003 1.0157010e+003 1.0159410e+003 1.0160953e+003 1.0162003e+003 1.0161380e+003 1.0160247e+003 1.0160807e+003 1.0160187e+003 1.0157993e+003 1.0158500e+003 1.0160433e+003 1.0161000e+003 1.0161370e+003 1.0162187e+003 1.0163230e+003 1.0164337e+003 1.0165030e+003 1.0165877e+003 1.0166400e+003 1.0166250e+003 1.0166977e+003 1.0167407e+003 1.0167147e+003 1.0169123e+003 1.0171457e+003 1.0172463e+003 1.0175237e+003 1.0177557e+003 1.0177563e+003 1.0179793e+003 1.0183220e+003 1.0185623e+003 1.0188950e+003 1.0190970e+003
1.0160903e+003 1.0160803e+003 1.0162603e+003 1.0164290e+003 1.0164740e+003 1.0164580e+003 1.0163030e+003 1.0160493e+003 1.0158350e+003 1.0155610e+003 1.0151937e+003 1.0149513e+003 1.0149757e+003 1.0151730e+003 1.0154497e+003 1.0156787e+003 1.0158120e+003 1.0159227e+003 1.0159423e+003 1.0158423e+003 1.0156237e+003 1.0152853e+003 1.0151587e+003 1.0153853e+003 1.0156493e+003 1.0157570e+003 1.0158273e+003 1.0158593e+003 1.0158000e+003 1.0157577e+003 1.0158217e+003 1.0159743e+003 1.0160920e+003 1.0161290e+003 1.0162583e+003 1.0164693e+003 1.0165633e+003 1.0165850e+003 1.0166340e+003 1.0166860e+003 1.0167410e+003 1.0168300e+003 1.0169987e+003 1.0172577e+003 1.0174313e+003 1.0174690e+003 1.0175657e+003 1.0178143e+003
1.0144277e+003 1.0144263e+003 1.0145303e+003 1.0147100e+003 1.0148290e+003 1.0149193e+003 1.0149453e+003 1.0148637e+003 1.0147680e+003 1.0146370e+003 1.0144697e+003 1.0144480e+003 1.0146500e+003 1.0148317e+003 1.0149363e+003 1.0150943e+003 1.0151963e+003 1.0151277e+003 1.0149693e+003 1.0147227e+003 1.0143923e+003 1.0142140e+003 1.0145940e+003 1.0151047e+003 1.0152660e+003 1.0153107e+003 1.0153967e+003 1.0153957e+003 1.0153867e+003 1.0154540e+003 1.0154290e+003 1.0153400e+003 1.0153517e+003 1.0153450e+003 1.0152557e+003 1.0152427e+003 1.0152973e+003 1.0153430e+003 1.0154757e+003 1.0156443e+003 1.0157037e+003 1.0157537e+003 1.0158467e+003 1.0158333e+003 1.0158097e+003 1.0159710e+003 1.0161383e+003 1.0161410e+003
1.0112310e+003 1.0114347e+003 1.0116513e+003 1.0118310e+003 1.0120053e+003 1.0123173e+003 1.0126493e+003 1.0127870e+003 1.0128393e+003 1.0129813e+003 1.0131597e+003 1.0133143e+003 1.0134210e+003 1.0134570e+003 1.0135520e+003 1.0137757e+003 1.0139127e+003 1.0139203e+003 1.0139903e+003 1.0140850e+003 1.0139223e+003 1.0137003e+003 1.0139650e+003 1.0142193e+003 1.0142703e+003 1.0143123e+003 1.0142577e+003 1.0139577e+003 1.0137190e+003 1.0137003e+003 1.0136147e+003 1.0134740e+003 1.0135403e+003 1.0136663e+003 1.0136477e+003 1.0136377e+003 1.0136770e+003 1.0136403e+003 1.0136117e+003 1.0136377e+003 1.0136050e+003 1.0135920e+003 1.0136590e+003 1.0136280e+003 1.0135573e+003 1.0136587e+003 1.0137383e+003 1.0136180e+003
1.0072763e+003 1.0075053e+003 1.0078817e+003 1.0082447e+003 1.0085203e+003 1.0088157e+003 1.0091300e+003 1.0094000e+003 1.0097110e+003 1.0100870e+003 1.0103740e+003 1.0105470e+003 1.0107403e+003 1.0109837e+003 1.0112167e+003 1.0114000e+003 1.0115100e+003 1.0116227e+003 1.0118360e+003 1.0120437e+003 1.0121307e+003 1.0122647e+003 1.0124907e+003 1.0125983e+003 1.0125630e+003 1.0125487e+003 1.0125213e+003 1.0123153e+003 1.0120770e+003 1.0119157e+003 1.0117100e+003 1.0114820e+003 1.0113340e+003 1.0111803e+003 1.0110227e+003 1.0110133e+003 1.0110577e+003 1.0109813e+003 1.0109210e+003 1.0109687e+003 1.0109400e+003 1.0108383e+003 1.0108523e+003 1.0108820e+003 1.0107530e+003 1.0105593e+003 1.0104213e+003 1.0103303e+003
1.0031050e+003 1.0033613e+003 1.0036400e+003 1.0039503e+003 1.0043197e+003 1.0047647e+003 1.0052190e+003 1.0056393e+003 1.0060573e+003 1.0064497e+003 1.0067663e+003 1.0070970e+003 1.0075150e+003 1.0078887e+003 1.0081220e+003 1.0083427e+003 1.0086597e+003 1.0089763e+003 1.0091590e+003 1.0092267e+003 1.0093190e+003 1.0095237e+003 1.0097583e+003 1.0098683e+003 1.0098297e+003 1.0097237e+003 1.0095607e+003 1.0093503e+003 1.0091593e+003 1.0089877e+003 1.0088057e+003 1.0086677e+003 1.0085633e+003 1.0083947e+003 1.0082127e+003 1.0081363e+003 1.0080717e+003 1.0079137e+003 1.0078180e+003 1.0078533e+003 1.0078013e+003 1.0075917e+003 1.0074277e+003 1.0073593e+003 1.0072530e+003 1.0071353e+003 1.0070980e+003 1.0070323e+003
9.9835033e+002 9.9869690e+002 9.9901737e+002 9.9935193e+002 9.9978103e+002 1.0002811e+003 1.0007630e+003 1.0012201e+003 1.0017097e+003 1.0022123e+003 1.0026577e+003 1.0030363e+003 1.0033610e+003 1.0036030e+003 1.0038237e+003 1.0041693e+003 1.0046457e+003 1.0050870e+003 1.0054213e+003 1.0057150e+003 1.0059563e+003 1.0060523e+003 1.0060410e+003 1.0060943e+003 1.0062387e+003 1.0062853e+003 1.0061340e+003 1.0059263e+003 1.0057830e+003 1.0056237e+003 1.0053790e+003 1.0051520e+003 1.0050233e+003 1.0049177e+003 1.0047913e+003 1.0046947e+003 1.0046130e+003 1.0044740e+003 1.0043063e+003 1.0041683e+003 1.0040363e+003 1.0039037e+003 1.0038057e+003 1.0036870e+003 1.0034553e+003 1.0031850e+003 1.0030063e+003 1.0028847e+003
9.9407340e+002 9.9441510e+002 9.9476903e+002 9.9514583e+002 9.9553960e+002 9.9592507e+002 9.9631610e+002 9.9677163e+002 9.9730333e+002 9.9783550e+002 9.9830367e+002 9.9873733e+002 9.9916767e+002 9.9957097e+002 9.9994023e+002 1.0002903e+003 1.0005869e+003 1.0008105e+003 1.0010450e+003 1.0013733e+003 1.0017180e+003 1.0019283e+003 1.0020250e+003 1.0021500e+003 1.0022977e+003 1.0023187e+003 1.0022170e+003 1.0021733e+003 1.0022463e+003 1.0022690e+003 1.0021243e+003 1.0019160e+003 1.0017497e+003 1.0015743e+003 1.0013340e+003 1.0011237e+003 1.0010430e+003 1.0010297e+003 1.0009660e+003 1.0008220e+003 1.0006493e+003 1.0004993e+003 1.0003620e+003 1.0001890e+003 9.9994787e+002 9.9966420e+002 9.9939173e+002 9.9914437e+002
9.9011707e+002 9.9030133e+002 9.9057603e+002 9.9094137e+002 9.9133920e+002 9.9175153e+002 9.9221490e+002 9.9272873e+002 9.9322850e+002 9.9366270e+002 9.9406443e+002 9.9449010e+002 9.9490980e+002 9.9523297e+002 9.9547917e+002 9.9578457e+002 9.9620817e+002 9.9665100e+002 9.9699523e+002 9.9723053e+002 9.9741680e+002 9.9760020e+002 9.9779220e+002 9.9796520e+002 9.9806570e+002 9.9807140e+002 9.9803423e+002 9.9801413e+002 9.9798000e+002 9.9787137e+002 9.9774400e+002 9.9771310e+002 9.9777767e+002 9.9781060e+002 9.9775000e+002 9.9767487e+002 9.9763807e+002 9.9756813e+002 9.9740490e+002 9.9721577e+002 9.9706543e+002 9.9690850e+002 9.9666623e+002 9.9638390e+002 9.9617457e+002 9.9604460e+002 9.9588580e+002 9.9563767e+002
9.8739697e+002 9.8767747e+002 9.8799040e+002 9.8827113e+002 9.8848917e+002 9.8869093e+002 9.8894513e+002 9.8925343e+002 9.8957203e+002 9.8990243e+002 9.9030087e+002 9.9076970e+002 9.9119393e+002 9.9146483e+002 9.9162983e+002 9.9184653e+002 9.9219170e+002 9.9256033e+002 9.9283400e+002 9.9302653e+002 9.9322370e+002 9.9347000e+002 9.9371717e+002 9.9390333e+002 9.9405827e+002 9.9426067e+002 9.9451740e+002 9.9473050e+002 9.9479930e+002 9.9474263e+002 9.9467170e+002 9.9464370e+002 9.9458387e+002 9.9443610e+002 9.9428493e+002 9.9424760e+002 9.9428320e+002 9.9422077e+002 9.9402307e+002 9.9385530e+002 9.9382707e+002 9.9382933e+002 9.9369063e+002 9.9340913e+002 9.9312937e+002 9.9291740e+002 9.9268860e+002 9.9236627e+002
9.8610703e+002 9.8622487e+002 9.8634033e+002 9.8644610e+002 9.8656223e+002 9.8674070e+002 9.8700200e+002 9.8728530e+002 9.8750567e+002 9.8764920e+002 9.8779060e+002 9.8800013e+002 9.8825833e+002 9.8853017e+002 9.8880313e+002 9.8907027e+002 9.8930287e+002 9.8946763e+002 9.8958983e+002 9.8975813e+002 9.9002187e+002 9.9031933e+002 9.9052593e+002 9.9058953e+002 9.9057280e+002 9.9058340e+002 9.9064583e+002 9.9070047e+002 9.9072543e+002 9.9079027e+002 9.9095023e+002 9.9113977e+002 9.9122817e+002 9.9118377e+002 9.9113550e+002 9.9119720e+002 9.9131347e+002 9.9131830e+002 9.9115233e+002 9.9093410e+002 9.9079037e+002 9.9070490e+002 9.9057140e+002 9.9036643e+002 9.9018397e+002 9.9008580e+002 9.9001947e+002 9.8988990e+002
9.8692863e+002 9.8691803e+002 9.8705013e+002 9.8724130e+002 9.8744117e+002 9.8765340e+002 9.8780110e+002 9.8798943e+002 9.8802253e+002 9.8793490e+002 9.8771267e+002 9.8741460e+002 9.8714507e+002 9.8697990e+002 9.8694417e+002 9.8703147e+002 9.8719763e+002 9.8738417e+002 9.8755223e+002 9.8769333e+002 9.8775337e+002 9.8788807e+002 9.8795213e+002 9.8805173e+002 9.8822423e+002 9.8844130e+002 9.8862030e+002 9.8869253e+002 9.8867177e+002 9.8864527e+002 9.8868187e+002 9.8875530e+002 9.8878647e+002 9.8874703e+002 9.8868973e+002 9.8867380e+002 9.8868997e+002 9.8867810e+002 9.8861043e+002 9.8852737e+002 9.8847943e+002 9.8845417e+002 9.8838827e+002 9.8824490e+002 9.8806503e+002 9.8791630e+002 9.8781557e+002 9.8773343e+002
9.8960137e+002 9.8985670e+002 9.9013390e+002 9.9043933e+002 9.9087353e+002 9.9147750e+002 9.9200913e+002 9.9204643e+002 9.9145497e+002 9.9057173e+002 9.8981740e+002 9.8928757e+002 9.8889190e+002 9.8840687e+002 9.8793040e+002 9.8752693e+002 9.8726010e+002 9.8713487e+002 9.8708217e+002 9.8700800e+002 9.8686337e+002 9.8666900e+002 9.8649187e+002 9.8638373e+002 9.8636687e+002 9.8642090e+002 9.8649163e+002 9.8653663e+002 9.8655667e+002 9.8658763e+002 9.8665497e+002 9.8674387e+002 9.8681810e+002 9.8685813e+002 9.8687710e+002 9.8689793e+002 9.8692363e+002 9.8693820e+002 9.8693473e+002 9.8693370e+002 9.8695427e+002 9.8698870e+002 9.8701000e+002 9.8698937e+002 9.8692723e+002 9.8684370e+002 9.8676900e+002 9.8671390e+002
9.9724877e+002 9.9701983e+002 9.9680890e+002 9.9697627e+002 9.9778677e+002 9.9911210e+002 1.0003042e+003 1.0004938e+003 9.9926840e+002 9.9704513e+002 9.9468333e+002 9.9281790e+002 9.9160847e+002 9.9091517e+002 9.9050000e+002 9.9010687e+002 9.8957757e+002 9.8895997e+002 9.8842807e+002 9.8807700e+002 9.8784417e+002 9.8763137e+002 9.8728197e+002 9.8687790e+002 9.8647457e+002 9.8612013e+002 9.8584073e+002 9.8564890e+002 9.8554413e+002 9.8551397e+002 9.8553253e+002 9.8557610e+002 9.8563207e+002 9.8569933e+002 9.8578277e+002 9.8587497e+002 9.8595407e+002 9.8599047e+002 9.8596810e+002 9.8590013e+002 9.8582803e+002 9.8580230e+002 9.8584863e+002 9.8596673e+002 9.8612190e+002 9.8627310e+002 9.8638797e+002 9.8644803e+002
1.0086287e+003 1.0091640e+003 1.0094207e+003 1.0094127e+003 1.0091820e+003 1.0086824e+003 1.0077794e+003 1.0063740e+003 1.0045568e+003 1.0026369e+003 1.0010392e+003 1.0001345e+003 1.0000569e+003 1.0005464e+003 1.0009346e+003 1.0004426e+003 9.9870240e+002 9.9606123e+002 9.9331820e+002 9.9113297e+002 9.8968160e+002 9.8873057e+002 9.8802867e+002 9.8734217e+002 9.8677493e+002 9.8637740e+002 9.8616323e+002 9.8608897e+002 9.8607987e+002 9.8606357e+002 9.8599397e+002 9.8586247e+002 9.8570043e+002 9.8555803e+002 9.8547883e+002 9.8548833e+002 9.8558577e+002 9.8575137e+002 9.8595483e+002 9.8617147e+002 9.8638993e+002 9.8661160e+002 9.8684377e+002 9.8708267e+002 9.8730630e+002 9.8748780e+002 9.8760317e+002 9.8764850e+002
