tests/test_data/mslp.txt
ncols         144
nrows         73
xllcorner     1.25
yllcorner     -88.75
cellsize      2.5
NODATA_value  -9999
[rows 44 to 65 of 73, columns 0 to 47 of 144]
1.0157217e+003 1.0148193e+003 1.0142783e+003 1.0135793e+003 1.0124960e+003 1.0112230e+003 1.0104483e+003 1.0110557e+003 1.0108803e+003 1.0104530e+003 1.0110153e+003 1.0117350e+003 1.0126827e+003 1.0123337e+003 1.0112813e+003 1.0106383e+003 1.0099667e+003 1.0101773e+003 1.0114327e+003 1.0129860e+003 1.0117647e+003 1.0115603e+003 1.0113420e+003 1.0118440e+003 1.0120817e+003 1.0122307e+003 1.0121827e+003 1.0122390e+003 1.0126983e+003 1.0130310e+003 1.0132857e+003 1.0134617e+003 1.0135633e+003 1.0137687e+003 1.0138407e+003 1.0138453e+003 1.0138447e+003 1.0137423e+003 1.0136033e+003 1.0133307e+003 1.0129247e+003 1.0123690e+003 1.0115970e+003 1.0106997e+003 1.0097167e+003 1.0086067e+003 1.0076277e+003 1.0069173e+003
1.0168673e+003 1.0163293e+003 1.0155033e+003 1.0145570e+003 1.0133777e+003 1.0119180e+003 1.0107933e+003 1.0112983e+003 1.0112240e+003 1.0111367e+003 1.0119013e+003 1.0126253e+003 1.0131040e+003 1.0124057e+003 1.0117907e+003 1.0111073e+003 1.0108557e+003 1.0105077e+003 1.0113157e+003 1.0122233e+003 1.0124460e+003 1.0126933e+003 1.0126270e+003 1.0126263e+003 1.0126470e+003 1.0133147e+003 1.0139927e+003 1.0142613e+003 1.0143510e+003 1.0143040e+003 1.0144543e+003 1.0146760e+003 1.0148080e+003 1.0149520e+003 1.0150413e+003 1.0151610e+003 1.0152083e+003 1.0151047e+003 1.0149560e+003 1.0146870e+003 1.0143057e+003 1.0137980e+003 1.0130033e+003 1.0119020e+003 1.0105223e+003 1.0088277e+003 1.0072180e+003 1.0069010e+003
1.0180417e+003 1.0176810e+003 1.0169297e+003 1.0160003e+003 1.0146600e+003 1.0127283e+003 1.0114600e+003 1.0113090e+003 1.0106453e+003 1.0106887e+003 1.0119520e+003 1.0136890e+003 1.0143020e+003 1.0133133e+003 1.0126863e+003 1.0117557e+003 1.0113823e+003 1.0113457e+003 1.0119247e+003 1.0128243e+003 1.0132677e+003 1.0134220e+003 1.0139583e+003 1.0144813e+003 1.0146497e+003 1.0147077e+003 1.0148303e+003 1.0152140e+003 1.0157527e+003 1.0161887e+003 1.0165377e+003 1.0167873e+003 1.0170017e+003 1.0171937e+003 1.0172673e+003 1.0172597e+003 1.0171660e+003 1.0170267e+003 1.0168723e+003 1.0165950e+003 1.0161087e+003 1.0154147e+003 1.0144877e+003 1.0133123e+003 1.0117283e+003 1.0096650e+003 1.0078990e+003 1.0081487e+003
1.0189963e+003 1.0185437e+003 1.0178390e+003 1.0171830e+003 1.0161073e+003 1.0142623e+003 1.0128573e+003 1.0119467e+003 1.0105313e+003 1.0103353e+003 1.0119130e+003 1.0150657e+003 1.0155110e+003 1.0138153e+003 1.0139463e+003 1.0136327e+003 1.0133277e+003 1.0128200e+003 1.0130660e+003 1.0139270e+003 1.0146210e+003 1.0150820e+003 1.0152013e+003 1.0153457e+003 1.0158827e+003 1.0164853e+003 1.0169247e+003 1.0172437e+003 1.0174443e+003 1.0176317e+003 1.0178150e+003 1.0179637e+003 1.0181400e+003 1.0183093e+003 1.0184320e+003 1.0185273e+003 1.0186013e+003 1.0185797e+003 1.0183797e+003 1.0180440e+003 1.0175897e+003 1.0169877e+003 1.0161010e+003 1.0149427e+003 1.0134653e+003 1.0114227e+003 1.0096583e+003 1.0097357e+003
1.0198673e+003 1.0197320e+003 1.0191173e+003 1.0182880e+003 1.0173573e+003 1.0159953e+003 1.0144603e+003 1.0130327e+003 1.0119683e+003 1.0117563e+003 1.0128657e+003 1.0150553e+003 1.0149773e+003 1.0144343e+003 1.0142643e+003 1.0142377e+003 1.0147657e+003 1.0149633e+003 1.0151723e+003 1.0154160e+003 1.0157977e+003 1.0164680e+003 1.0169130e+003 1.0171273e+003 1.0173513e+003 1.0175983e+003 1.0179750e+003 1.0183547e+003 1.0185983e+003 1.0188833e+003 1.0192620e+003 1.0196197e+003 1.0198613e+003 1.0199953e+003 1.0200773e+003 1.0200860e+003 1.0200193e+003 1.0198903e+003 1.0197257e+003 1.0194910e+003 1.0190867e+003 1.0185733e+003 1.0177910e+003 1.0166660e+003 1.0153310e+003 1.0135757e+003 1.0118217e+003 1.0113850e+003
1.0197037e+003 1.0195590e+003 1.0192777e+003 1.0186757e+003 1.0179423e+003 1.0169430e+003 1.0154107e+003 1.0137133e+003 1.0129910e+003 1.0133407e+003 1.0137077e+003 1.0140850e+003 1.0143487e+003 1.0150057e+003 1.0152463e+003 1.0156120e+003 1.0158163e+003 1.0160510e+003 1.0166663e+003 1.0170717e+003 1.0171677e+003 1.0173790e+003 1.0178097e+003 1.0184117e+003 1.0188640e+003 1.0190063e+003 1.0191413e+003 1.0194137e+003 1.0197303e+003 1.0199830e+003 1.0201133e+003 1.0201883e+003 1.0203083e+003 1.0204670e+003 1.0205843e+003 1.0206503e+003 1.0206870e+003 1.0206407e+003 1.0205593e+003 1.0203777e+003 1.0199260e+003 1.0193727e+003 1.0187337e+003 1.0178490e+003 1.0167340e+003 1.0153437e+003 1.0140300e+003 1.0136223e+003
1.0194360e+003 1.0193510e+003 1.0192480e+003 1.0189223e+003 1.0183050e+003 1.0175233e+003 1.0165297e+003 1.0154097e+003 1.0146650e+003 1.0146110e+003 1.0149177e+003 1.0151033e+003 1.0149903e+003 1.0149867e+003 1.0155717e+003 1.0163490e+003 1.0166643e+003 1.0167893e+003 1.0170573e+003 1.0174833e+003 1.0181167e+003 1.0186277e+003 1.0187393e+003 1.0187723e+003 1.0190110e+003 1.0194437e+003 1.0198510e+003 1.0200090e+003 1.0200007e+003 1.0200443e+003 1.0201743e+003 1.0203580e+003 1.0205777e+003 1.0207323e+003 1.0207213e+003 1.0206893e+003 1.0207090e+003 1.0206053e+003 1.0204367e+003 1.0203173e+003 1.0201337e+003 1.0198500e+003 1.0194310e+003 1.0188350e+003 1.0180700e+003 1.0171017e+003 1.0163077e+003 1.0160597e+003
1.0180253e+003 1.0181040e+003 1.0180363e+003 1.0179553e+003 1.0176703e+003 1.0171340e+003 1.0165560e+003 1.0159757e+003 1.0153773e+003 1.0148197e+003 1.0144763e+003 1.0145827e+003 1.0150603e+003 1.0154680e+003 1.0155843e+003 1.0157197e+003 1.0162927e+003 1.0170990e+003 1.0175520e+003 1.0176693e+003 1.0178897e+003 1.0182913e+003 1.0187850e+003 1.0192160e+003 1.0193650e+003 1.0193300e+003 1.0193443e+003 1.0194383e+003 1.0195977e+003 1.0198117e+003 1.0199790e+003 1.0200427e+003 1.0200697e+003 1.0201067e+003 1.0201103e+003 1.0200680e+003 1.0199957e+003 1.0199127e+003 1.0198567e+003 1.0197420e+003 1.0195123e+003 1.0192270e+003 1.0188290e+003 1.0183837e+003 1.0180153e+003 1.0175747e+003 1.0171393e+003 1.0169697e+003
1.0160753e+003 1.0162283e+003 1.0162607e+003 1.0163390e+003 1.0163923e+003 1.0161363e+003 1.0155847e+003 1.0150103e+003 1.0147260e+003 1.0147233e+003 1.0146863e+003 1.0145543e+003 1.0146053e+003 1.0149130e+003 1.0152377e+003 1.0154483e+003 1.0155903e+003 1.0157880e+003 1.0162253e+003 1.0168820e+003 1.0173683e+003 1.0175107e+003 1.0176213e+003 1.0178593e+003 1.0180783e+003 1.0182343e+003 1.0183807e+003 1.0184933e+003 1.0185153e+003 1.0184143e+003 1.0182703e+003 1.0182137e+003 1.0182133e+003 1.0182047e+003 1.0182157e+003 1.0181907e+003 1.0180557e+003 1.0179477e+003 1.0179147e+003 1.0177650e+003 1.0175617e+003 1.0174907e+003 1.0173770e+003 1.0171290e+003 1.0169140e+003 1.0166823e+003 1.0164017e+003 1.0162110e+003
1.0134907e+003 1.0136217e+003 1.0137263e+003 1.0136927e+003 1.0136700e+003 1.0137477e+003 1.0137747e+003 1.0135400e+003 1.0131403e+003 1.0129577e+003 1.0130813e+003 1.0131673e+003 1.0130027e+003 1.0128373e+003 1.0130187e+003 1.0135023e+003 1.0139553e+003 1.0142630e+003 1.0146150e+003 1.0151120e+003 1.0156650e+003 1.0161327e+003 1.0163167e+003 1.0161930e+003 1.0160687e+003 1.0161110e+003 1.0161260e+003 1.0160303e+003 1.0159787e+003 1.0159873e+003 1.0160367e+003 1.0161647e+003 1.0162133e+003 1.0160473e+003 1.0158360e+003 1.0156943e+003 1.0155153e+003 1.0153113e+003 1.0151650e+003 1.0150103e+003 1.0148557e+003 1.0147527e+003 1.0146163e+003 1.0144590e+003 1.0143657e+003 1.0142690e+003 1.0142300e+003 1.0143423e+003
1.0098390e+003 1.0098473e+003 1.0100113e+003 1.0101150e+003 1.0101080e+003 1.0100760e+003 1.0101647e+003 1.0104007e+003 1.0105257e+003 1.0103890e+003 1.0102937e+003 1.0105553e+003 1.0109510e+003 1.0110773e+003 1.0109237e+003 1.0108320e+003 1.0110970e+003 1.0117043e+003 1.0122867e+003 1.0125267e+003 1.0126200e+003 1.0129040e+003 1.0132610e+003 1.0134137e+003 1.0134073e+003 1.0133683e+003 1.0132610e+003 1.0131520e+003 1.0131340e+003 1.0130183e+003 1.0126783e+003 1.0123097e+003 1.0120650e+003 1.0118877e+003 1.0117467e+003 1.0116363e+003 1.0115090e+003 1.0113710e+003 1.0112623e+003 1.0111553e+003 1.0110243e+003 1.0108650e+003 1.0107380e+003 1.0107530e+003 1.0108513e+003 1.0108593e+003 1.0108573e+003 1.0110093e+003
1.0060163e+003 1.0059937e+003 1.0059077e+003 1.0059600e+003 1.0062313e+003 1.0063720e+003 1.0062217e+003 1.0062333e+003 1.0066813e+003 1.0071370e+003 1.0071993e+003 1.0070200e+003 1.0069160e+003 1.0070417e+003 1.0073680e+003 1.0076973e+003 1.0078493e+003 1.0079887e+003 1.0083993e+003 1.0089877e+003 1.0094390e+003 1.0096293e+003 1.0096357e+003 1.0095520e+003 1.0094713e+003 1.0094317e+003 1.0093550e+003 1.0091837e+003 1.0089433e+003 1.0087003e+003 1.0085273e+003 1.0084493e+003 1.0084017e+003 1.0082747e+003 1.0080037e+003 1.0076340e+003 1.0072823e+003 1.0070257e+003 1.0068353e+003 1.0066880e+003 1.0066433e+003 1.0066967e+003 1.0067493e+003 1.0067723e+003 1.0068067e+003 1.0068833e+003 1.0070110e+003 1.0071483e+003
1.0013167e+003 1.0012958e+003 1.0011027e+003 1.0008674e+003 1.0009944e+003 1.0014132e+003 1.0016941e+003 1.0017368e+003 1.0017940e+003 1.0020338e+003 1.0024519e+003 1.0029160e+003 1.0031887e+003 1.0032504e+003 1.0034249e+003 1.0038607e+003 1.0042553e+003 1.0043840e+003 1.0044260e+003 1.0045700e+003 1.0047493e+003 1.0049003e+003 1.0050627e+003 1.0051950e+003 1.0052050e+003 1.0051273e+003 1.0050183e+003 1.0048343e+003 1.0045533e+003 1.0042917e+003 1.0041077e+003 1.0038593e+003 1.0034580e+003 1.0030267e+003 1.0027009e+003 1.0024652e+003 1.0022936e+003 1.0021910e+003 1.0021109e+003 1.0019940e+003 1.0018863e+003 1.0018540e+003 1.0018713e+003 1.0019020e+003 1.0019900e+003 1.0021957e+003 1.0025040e+003 1.0028283e+003
9.9681850e+002 9.9685983e+002 9.9703337e+002 9.9699953e+002 9.9680813e+002 9.9676640e+002 9.9703863e+002 9.9747827e+002 9.9778953e+002 9.9788027e+002 9.9798370e+002 9.9833323e+002 9.9875040e+002 9.9890853e+002 9.9886657e+002 9.9895250e+002 9.9927517e+002 9.9967340e+002 9.9997143e+002 1.0001029e+003 1.0001036e+003 1.0001083e+003 1.0002081e+003 1.0002959e+003 1.0002312e+003 1.0000787e+003 9.9998357e+002 9.9991243e+002 9.9974667e+002 9.9949870e+002 9.9923673e+002 9.9895483e+002 9.9865980e+002 9.9843030e+002 9.9825230e+002 9.9799253e+002 9.9762380e+002 9.9729847e+002 9.9714557e+002 9.9710927e+002 9.9709320e+002 9.9711233e+002 9.9723923e+002 9.9747240e+002 9.9770733e+002 9.9784447e+002 9.9791773e+002 9.9806450e+002
9.9292850e+002 9.9251360e+002 9.9235113e+002 9.9244263e+002 9.9253783e+002 9.9247960e+002 9.9240310e+002 9.9255677e+002 9.9294723e+002 9.9328863e+002 9.9339790e+002 9.9342770e+002 9.9363243e+002 9.9406123e+002 9.9453483e+002 9.9485340e+002 9.9498103e+002 9.9506153e+002 9.9524933e+002 9.9551957e+002 9.9572263e+002 9.9579130e+002 9.9578580e+002 9.9575837e+002 9.9570697e+002 9.9563457e+002 9.9554257e+002 9.9538333e+002 9.9512497e+002 9.9483673e+002 9.9461567e+002 9.9444017e+002 9.9421510e+002 9.9390510e+002 9.9354510e+002 9.9318887e+002 9.9289497e+002 9.9271473e+002 9.9265383e+002 9.9266113e+002 9.9268120e+002 9.9269233e+002 9.9270907e+002 9.9277613e+002 9.9292907e+002 9.9315903e+002 9.9343787e+002 9.9374420e+002
9.8997453e+002 9.8953040e+002 9.8905920e+002 9.8892823e+002 9.8916327e+002 9.8939343e+002 9.8933703e+002 9.8913983e+002 9.8915367e+002 9.8947953e+002 9.8987717e+002 9.9010060e+002 9.9016257e+002 9.9025267e+002 9.9047013e+002 9.9072993e+002 9.9091787e+002 9.9104653e+002 9.9117507e+002 9.9128440e+002 9.9132053e+002 9.9130587e+002 9.9132550e+002 9.9139873e+002 9.9145937e+002 9.9145087e+002 9.9138113e+002 9.9126983e+002 9.9111623e+002 9.9091540e+002 9.9066907e+002 9.9036677e+002 9.8998617e+002 9.8955633e+002 9.8918060e+002 9.8895857e+002 9.8887223e+002 9.8879393e+002 9.8864813e+002 9.8851340e+002 9.8852070e+002 9.8868660e+002 9.8889113e+002 9.8904073e+002 9.8918277e+002 9.8940370e+002 9.8968777e+002 9.8993767e+002
9.8733720e+002 9.8726793e+002 9.8698927e+002 9.8658600e+002 9.8631180e+002 9.8627683e+002 9.8634267e+002 9.8634533e+002 9.8629047e+002 9.8629417e+002 9.8641433e+002 9.8658533e+002 9.8670817e+002 9.8677023e+002 9.8685640e+002 9.8705410e+002 9.8738023e+002 9.8775820e+002 9.8806723e+002 9.8824640e+002 9.8833173e+002 9.8840863e+002 9.8850493e+002 9.8854370e+002 9.8843897e+002 9.8822473e+002 9.8803530e+002 9.8793620e+002 9.8785713e+002 9.8771420e+002 9.8753113e+002 9.8740433e+002 9.8735473e+002 9.8728277e+002 9.8708000e+002 9.8675627e+002 9.8639673e+002 9.8608113e+002 9.8586610e+002 9.8578397e+002 9.8586223e+002 9.8608133e+002 9.8634133e+002 9.8654373e+002 9.8668473e+002 9.8681763e+002 9.8697953e+002 9.8716927e+002
9.8547053e+002 9.8533197e+002 9.8514457e+002 9.8476317e+002 9.8433633e+002 9.8411877e+002 9.8417573e+002 9.8432180e+002 9.8433923e+002 9.8421427e+002 9.8413533e+002 9.8428887e+002 9.8468147e+002 9.8515643e+002 9.8553053e+002 9.8573087e+002 9.8581627e+002 9.8587050e+002 9.8592840e+002 9.8599680e+002 9.8610300e+002 9.8625650e+002 9.8640620e+002 9.8648277e+002 9.8648640e+002 9.8648913e+002 9.8654907e+002 9.8662983e+002 9.8661323e+002 9.8642997e+002 9.8615170e+002 9.8590667e+002 9.8572597e+002 9.8551230e+002 9.8518750e+002 9.8483127e+002 9.8462817e+002 9.8466360e+002 9.8484200e+002 9.8498413e+002 9.8500117e+002 9.8494747e+002 9.8495660e+002 9.8510900e+002 9.8536887e+002 9.8563923e+002 9.8584587e+002 9.8598920e+002
9.8518360e+002 9.8485270e+002 9.8464677e+002 9.8443767e+002 9.8416507e+002 9.8388430e+002 9.8367580e+002 9.8355110e+002 9.8347390e+002 9.8343103e+002 9.8346160e+002 9.8359990e+002 9.8381010e+002 9.8401503e+002 9.8418467e+002 9.8438650e+002 9.8473357e+002 9.8527700e+002 9.8596390e+002 9.8666660e+002 9.8725363e+002 9.8764783e+002 9.8786267e+002 9.8795823e+002 9.8795177e+002 9.8783053e+002 9.8761370e+002 9.8734207e+002 9.8704690e+002 9.8677730e+002 9.8663387e+002 9.8666413e+002 9.8678193e+002 9.8683757e+002 9.8676367e+002 9.8662317e+002 9.8652820e+002 9.8651947e+002 9.8653440e+002 9.8650170e+002 9.8645373e+002 9.8651723e+002 9.8669600e+002 9.8705263e+002 9.8740323e+002 9.8749020e+002 9.8735310e+002 9.8710673e+002
9.8539717e+002 9.8508010e+002 9.8489120e+002 9.8474360e+002 9.8452830e+002 9.8421203e+002 9.8385767e+002 9.8359007e+002 9.8350143e+002 9.8361647e+002 9.8387933e+002 9.8421437e+002 9.8457377e+002 9.8498413e+002 9.8552370e+002 9.8624683e+002 9.8705620e+002 9.8785567e+002 9.8844960e+002 9.8881440e+002 9.8913007e+002 9.8964287e+002 9.9042577e+002 9.9127167e+002 9.9182433e+002 9.9183197e+002 9.9132917e+002 9.9057307e+002 9.8985690e+002 9.8928033e+002 9.8887433e+002 9.8863617e+002 9.8862093e+002 9.8881023e+002 9.8909460e+002 9.8935723e+002 9.8956343e+002 9.8977320e+002 9.9006757e+002 9.9046003e+002 9.9085120e+002 9.9105287e+002 9.9093057e+002 9.9053600e+002 9.9005677e+002 9.8966740e+002 9.8945310e+002 9.8944010e+002
9.8818713e+002 9.8804277e+002 9.8798567e+002 9.8797847e+002 9.8798387e+002 9.8796443e+002 9.8791577e+002 9.8785897e+002 9.8779970e+002 9.8771420e+002 9.8758263e+002 9.8745257e+002 9.8745090e+002 9.8770397e+002 9.8823897e+002 9.8892377e+002 9.8954697e+002 9.8998947e+002 9.9040530e+002 9.9130700e+002 9.9325793e+002 9.9628137e+002 9.9936763e+002 1.0009009e+003 9.9998467e+002 9.9735037e+002 9.9466523e+002 9.9298350e+002 9.9211267e+002 9.9138880e+002 9.9077193e+002 9.9089880e+002 9.9216797e+002 9.9414030e+002 9.9589673e+002 9.9689660e+002 9.9730870e+002 9.9764180e+002 9.9823893e+002 9.9905717e+002 9.9974907e+002 9.9991763e+002 9.9944360e+002 9.9858483e+002 9.9777793e+002 9.9732130e+002 9.9723283e+002 9.9729430e+002
9.9369023e+002 9.9442903e+002 9.9531067e+002 9.9623103e+002 9.9697587e+002 9.9734027e+002 9.9728003e+002 9.9695500e+002 9.9663013e+002 9.9653393e+002 9.9678523e+002 9.9740240e+002 9.9832650e+002 9.9940997e+002 1.0004351e+003 1.0012113e+003 1.0016997e+003 1.0020657e+003 1.0025932e+003 1.0035140e+003 1.0047803e+003 1.0059287e+003 1.0062106e+003 1.0050974e+003 1.0027802e+003 1.0001032e+003 9.9787557e+002 9.9631053e+002 9.9520730e+002 9.9454847e+002 9.9472950e+002 9.9608137e+002 9.9827943e+002 1.0004209e+003 1.0017445e+003 1.0022095e+003 1.0023768e+003 1.0028558e+003 1.0038952e+003 1.0053131e+003 1.0066672e+003 1.0075230e+003 1.0077170e+003 1.0074385e+003 1.0070831e+003 1.0069954e+003 1.0073094e+003 1.0079317e+003
