tests/test_data/mslp.txt
ncols         144
nrows         73
xllcorner     1.25
yllcorner     -88.75
cellsize      2.5
NODATA_value  -9999
[rows 0 to 21 of 73, columns 0 to 47 of 144]
1.0136163e+003 1.0136163e+003 1.0136163e+003 1.0136163e+003 1.0136163e+003 1.0136163e+003 1.0136163e+003 1.0136163e+003 1.0136163e+003 1.0136163e+003 1.0136163e+003 1.0136163e+003 1.0136163e+003 1.0136163e+003 1.0136163e+003 1.0136163e+003 1.0136163e+003 1.0136163e+003 1.0136163e+003 1.0136163e+003 1.0136163e+003 1.0136163e+003 1.0136163e+003 1.0136163e+003 1.0136163e+003 1.0136163e+003 1.0136163e+003 1.0136163e+003 1.0136163e+003 1.0136163e+003 1.0136163e+003 1.0136163e+003 1.0136163e+003 1.0136163e+003 1.0136163e+003 1.0136163e+003 1.0136163e+003 1.0136163e+003 1.0136163e+003 1.0136163e+003 1.0136163e+003 1.0136163e+003 1.0136163e+003 1.0136163e+003 1.0136163e+003 1.0136163e+003 1.0136163e+003 1.0136163e+003
1.0127733e+003 1.0127973e+003 1.0128220e+003 1.0128460e+003 1.0128690e+003 1.0128927e+003 1.0129157e+003 1.0129383e+003 1.0129607e+003 1.0129830e+003 1.0130050e+003 1.0130273e+003 1.0130493e+003 1.0130723e+003 1.0130953e+003 1.0131200e+003 1.0131450e+003 1.0131710e+003 1.0131977e+003 1.0132263e+003 1.0132553e+003 1.0132860e+003 1.0133180e+003 1.0133513e+003 1.0133863e+003 1.0134227e+003 1.0134603e+003 1.0135000e+003 1.0135407e+003 1.0135827e+003 1.0136263e+003 1.0136720e+003 1.0137183e+003 1.0137653e+003 1.0138133e+003 1.0138630e+003 1.0139130e+003 1.0139647e+003 1.0140160e+003 1.0140687e+003 1.0141217e+003 1.0141747e+003 1.0142273e+003 1.0142813e+003 1.0143350e+003 1.0143890e+003 1.0144430e+003 1.0144973e+003
1.0115790e+003 1.0114857e+003 1.0113920e+003 1.0113000e+003 1.0112127e+003 1.0111313e+003 1.0110577e+003 1.0109947e+003 1.0109427e+003 1.0109043e+003 1.0108800e+003 1.0108697e+003 1.0108743e+003 1.0108940e+003 1.0109270e+003 1.0109733e+003 1.0110327e+003 1.0111017e+003 1.0111790e+003 1.0112650e+003 1.0113570e+003 1.0114550e+003 1.0115570e+003 1.0116633e+003 1.0117753e+003 1.0118890e+003 1.0120070e+003 1.0121297e+003 1.0122553e+003 1.0123837e+003 1.0125163e+003 1.0126520e+003 1.0127890e+003 1.0129277e+003 1.0130683e+003 1.0132083e+003 1.0133480e+003 1.0134863e+003 1.0136233e+003 1.0137593e+003 1.0138927e+003 1.0140240e+003 1.0141530e+003 1.0142800e+003 1.0144047e+003 1.0145287e+003 1.0146507e+003 1.0147717e+003
1.0104997e+003 1.0103027e+003 1.0101333e+003 1.0099887e+003 1.0098693e+003 1.0097747e+003 1.0097047e+003 1.0096620e+003 1.0096470e+003 1.0096577e+003 1.0096940e+003 1.0097540e+003 1.0098363e+003 1.0099363e+003 1.0100537e+003 1.0101817e+003 1.0103180e+003 1.0104567e+003 1.0105947e+003 1.0107307e+003 1.0108617e+003 1.0109877e+003 1.0111097e+003 1.0112293e+003 1.0113527e+003 1.0114820e+003 1.0116223e+003 1.0117767e+003 1.0119483e+003 1.0121370e+003 1.0123413e+003 1.0125593e+003 1.0127853e+003 1.0130150e+003 1.0132413e+003 1.0134607e+003 1.0136670e+003 1.0138613e+003 1.0140407e+003 1.0142080e+003 1.0143670e+003 1.0145190e+003 1.0146680e+003 1.0148157e+003 1.0149640e+003 1.0151100e+003 1.0152540e+003 1.0153947e+003
1.0087123e+003 1.0084990e+003 1.0083210e+003 1.0082380e+003 1.0082603e+003 1.0083820e+003 1.0085747e+003 1.0088007e+003 1.0090203e+003 1.0092017e+003 1.0093240e+003 1.0093820e+003 1.0093883e+003 1.0093387e+003 1.0092667e+003 1.0091950e+003 1.0091460e+003 1.0091293e+003 1.0091543e+003 1.0092190e+003 1.0093193e+003 1.0094487e+003 1.0095950e+003 1.0097517e+003 1.0099140e+003 1.0100853e+003 1.0102697e+003 1.0104793e+003 1.0107223e+003 1.0110073e+003 1.0113350e+003 1.0116990e+003 1.0120873e+003 1.0124813e+003 1.0128610e+003 1.0132097e+003 1.0135123e+003 1.0137643e+003 1.0139693e+003 1.0141347e+003 1.0142763e+003 1.0144090e+003 1.0145457e+003 1.0146983e+003 1.0148727e+003 1.0150733e+003 1.0152977e+003 1.0155423e+003
1.0063673e+003 1.0057423e+003 1.0053620e+003 1.0052800e+003 1.0054730e+003 1.0058653e+003 1.0063657e+003 1.0068940e+003 1.0073823e+003 1.0077717e+003 1.0080173e+003 1.0080977e+003 1.0080443e+003 1.0078870e+003 1.0077097e+003 1.0075703e+003 1.0074997e+003 1.0075067e+003 1.0075923e+003 1.0077567e+003 1.0080053e+003 1.0083347e+003 1.0087230e+003 1.0091287e+003 1.0094917e+003 1.0098093e+003 1.0100500e+003 1.0102490e+003 1.0104473e+003 1.0106823e+003 1.0109813e+003 1.0113543e+003 1.0117970e+003 1.0122903e+003 1.0128013e+003 1.0132933e+003 1.0137380e+003 1.0141243e+003 1.0144490e+003 1.0147387e+003 1.0149977e+003 1.0152333e+003 1.0154363e+003 1.0155950e+003 1.0156993e+003 1.0157613e+003 1.0158013e+003 1.0158697e+003
1.0042720e+003 1.0038413e+003 1.0036737e+003 1.0037367e+003 1.0039587e+003 1.0042560e+003 1.0045657e+003 1.0048407e+003 1.0050527e+003 1.0051903e+003 1.0052683e+003 1.0053227e+003 1.0054027e+003 1.0055420e+003 1.0057530e+003 1.0060233e+003 1.0063280e+003 1.0066453e+003 1.0069753e+003 1.0073370e+003 1.0077523e+003 1.0082660e+003 1.0088503e+003 1.0094447e+003 1.0099693e+003 1.0103670e+003 1.0106467e+003 1.0108330e+003 1.0110047e+003 1.0112127e+003 1.0114957e+003 1.0118750e+003 1.0123473e+003 1.0128860e+003 1.0134387e+003 1.0139497e+003 1.0143817e+003 1.0147330e+003 1.0150347e+003 1.0153313e+003 1.0156783e+003 1.0160863e+003 1.0165267e+003 1.0169240e+003 1.0171830e+003 1.0172513e+003 1.0171543e+003 1.0169947e+003
1.0034500e+003 1.0032153e+003 1.0030790e+003 1.0030497e+003 1.0031173e+003 1.0032393e+003 1.0033830e+003 1.0035247e+003 1.0036617e+003 1.0038023e+003 1.0039570e+003 1.0041317e+003 1.0043250e+003 1.0045383e+003 1.0047810e+003 1.0050747e+003 1.0054423e+003 1.0058967e+003 1.0064397e+003 1.0070543e+003 1.0077163e+003 1.0083987e+003 1.0090647e+003 1.0096727e+003 1.0101873e+003 1.0106010e+003 1.0109357e+003 1.0112340e+003 1.0115433e+003 1.0118993e+003 1.0123207e+003 1.0128030e+003 1.0133343e+003 1.0138997e+003 1.0144890e+003 1.0150777e+003 1.0156147e+003 1.0160480e+003 1.0163317e+003 1.0164790e+003 1.0165607e+003 1.0166700e+003 1.0168730e+003 1.0171653e+003 1.0174750e+003 1.0177203e+003 1.0178897e+003 1.0180353e+003
1.0030130e+003 1.0028830e+003 1.0028557e+003 1.0029810e+003 1.0031933e+003 1.0034413e+003 1.0037620e+003 1.0042860e+003 1.0049407e+003 1.0055663e+003 1.0060690e+003 1.0064423e+003 1.0066867e+003 1.0067927e+003 1.0067993e+003 1.0068327e+003 1.0069840e+003 1.0073353e+003 1.0078670e+003 1.0085210e+003 1.0092273e+003 1.0099190e+003 1.0105373e+003 1.0110453e+003 1.0114360e+003 1.0117390e+003 1.0119987e+003 1.0122683e+003 1.0125947e+003 1.0130033e+003 1.0134790e+003 1.0139583e+003 1.0144063e+003 1.0148607e+003 1.0154173e+003 1.0161970e+003 1.0172887e+003 1.0185097e+003 1.0194543e+003 1.0198187e+003 1.0196797e+003 1.0193817e+003 1.0192140e+003 1.0192577e+003 1.0193907e+003 1.0194093e+003 1.0192757e+003 1.0191843e+003
1.0032420e+003 1.0033423e+003 1.0037370e+003 1.0042790e+003 1.0047587e+003 1.0053140e+003 1.0063640e+003 1.0077490e+003 1.0088767e+003 1.0094623e+003 1.0097253e+003 1.0099543e+003 1.0101773e+003 1.0102580e+003 1.0101457e+003 1.0099827e+003 1.0099623e+003 1.0101397e+003 1.0105047e+003 1.0109737e+003 1.0114317e+003 1.0118027e+003 1.0121067e+003 1.0124570e+003 1.0128960e+003 1.0133633e+003 1.0137457e+003 1.0139927e+003 1.0141543e+003 1.0143503e+003 1.0146753e+003 1.0151407e+003 1.0156653e+003 1.0162097e+003 1.0168243e+003 1.0176853e+003 1.0190500e+003 1.0208050e+003 1.0221497e+003 1.0222847e+003 1.0214820e+003 1.0206717e+003 1.0203990e+003 1.0207000e+003 1.0212110e+003 1.0213210e+003 1.0208813e+003 1.0203937e+003
1.0041920e+003 1.0047753e+003 1.0054490e+003 1.0059823e+003 1.0065877e+003 1.0077553e+003 1.0091547e+003 1.0100463e+003 1.0103360e+003 1.0104590e+003 1.0107290e+003 1.0111287e+003 1.0115910e+003 1.0119637e+003 1.0121613e+003 1.0122723e+003 1.0124587e+003 1.0127507e+003 1.0131333e+003 1.0135007e+003 1.0137863e+003 1.0140760e+003 1.0144767e+003 1.0150073e+003 1.0156173e+003 1.0161357e+003 1.0163607e+003 1.0162973e+003 1.0161400e+003 1.0160630e+003 1.0161737e+003 1.0165360e+003 1.0170917e+003 1.0177250e+003 1.0183957e+003 1.0191360e+003 1.0200677e+003 1.0213163e+003 1.0225070e+003 1.0229187e+003 1.0224677e+003 1.0218447e+003 1.0216470e+003 1.0221000e+003 1.0228000e+003 1.0227023e+003 1.0217350e+003 1.0210460e+003
1.0060583e+003 1.0068703e+003 1.0074780e+003 1.0084163e+003 1.0100213e+003 1.0113100e+003 1.0115353e+003 1.0113413e+003 1.0114210e+003 1.0117407e+003 1.0122477e+003 1.0128410e+003 1.0133230e+003 1.0135980e+003 1.0137753e+003 1.0140080e+003 1.0143277e+003 1.0147083e+003 1.0151137e+003 1.0154690e+003 1.0157870e+003 1.0161940e+003 1.0167233e+003 1.0172083e+003 1.0173893e+003 1.0171783e+003 1.0168820e+003 1.0168950e+003 1.0172770e+003 1.0178377e+003 1.0183620e+003 1.0187907e+003 1.0192027e+003 1.0196883e+003 1.0202547e+003 1.0208490e+003 1.0214523e+003 1.0221383e+003 1.0229853e+003 1.0237830e+003 1.0240690e+003 1.0237813e+003 1.0234400e+003 1.0235413e+003 1.0240603e+003 1.0242010e+003 1.0233770e+003 1.0224057e+003
1.0079920e+003 1.0088403e+003 1.0098100e+003 1.0112997e+003 1.0127103e+003 1.0130320e+003 1.0126663e+003 1.0125440e+003 1.0126343e+003 1.0129740e+003 1.0135790e+003 1.0140977e+003 1.0144623e+003 1.0148440e+003 1.0153020e+003 1.0157683e+003 1.0161873e+003 1.0166427e+003 1.0171647e+003 1.0176147e+003 1.0178993e+003 1.0181537e+003 1.0185570e+003 1.0190557e+003 1.0193017e+003 1.0191790e+003 1.0190540e+003 1.0192067e+003 1.0196643e+003 1.0202050e+003 1.0205503e+003 1.0207810e+003 1.0211017e+003 1.0215893e+003 1.0223137e+003 1.0232450e+003 1.0240273e+003 1.0244020e+003 1.0245983e+003 1.0250013e+003 1.0255387e+003 1.0255317e+003 1.0248120e+003 1.0242760e+003 1.0245873e+003 1.0253683e+003 1.0256430e+003 1.0250040e+003
1.0099657e+003 1.0106120e+003 1.0113183e+003 1.0119877e+003 1.0125437e+003 1.0129737e+003 1.0132813e+003 1.0134920e+003 1.0137427e+003 1.0142820e+003 1.0150183e+003 1.0155753e+003 1.0159863e+003 1.0165220e+003 1.0171847e+003 1.0176230e+003 1.0178150e+003 1.0181247e+003 1.0187090e+003 1.0193303e+003 1.0197223e+003 1.0200023e+003 1.0203757e+003 1.0208520e+003 1.0211510e+003 1.0211440e+003 1.0211073e+003 1.0212507e+003 1.0215187e+003 1.0217827e+003 1.0221540e+003 1.0227740e+003 1.0234720e+003 1.0239203e+003 1.0242333e+003 1.0248193e+003 1.0256863e+003 1.0262277e+003 1.0261973e+003 1.0261737e+003 1.0266430e+003 1.0274037e+003 1.0277197e+003 1.0273230e+003 1.0268687e+003 1.0269220e+003 1.0270957e+003 1.0266003e+003
1.0119377e+003 1.0121067e+003 1.0126503e+003 1.0133017e+003 1.0137627e+003 1.0141197e+003 1.0144833e+003 1.0147800e+003 1.0150750e+003 1.0156380e+003 1.0164643e+003 1.0171313e+003 1.0175250e+003 1.0179727e+003 1.0184957e+003 1.0188670e+003 1.0192130e+003 1.0197433e+003 1.0203797e+003 1.0208250e+003 1.0211957e+003 1.0217963e+003 1.0225337e+003 1.0230060e+003 1.0229397e+003 1.0226413e+003 1.0226237e+003 1.0230943e+003 1.0238043e+003 1.0243220e+003 1.0246453e+003 1.0251807e+003 1.0260607e+003 1.0265427e+003 1.0266577e+003 1.0270170e+003 1.0278967e+003 1.0288243e+003 1.0290403e+003 1.0286120e+003 1.0281157e+003 1.0281440e+003 1.0285997e+003 1.0289617e+003 1.0291177e+003 1.0282067e+003 1.0269010e+003 1.0263287e+003
1.0138300e+003 1.0140197e+003 1.0144953e+003 1.0150950e+003 1.0153683e+003 1.0155213e+003 1.0159303e+003 1.0163633e+003 1.0165743e+003 1.0169347e+003 1.0175773e+003 1.0180357e+003 1.0183000e+003 1.0188393e+003 1.0195080e+003 1.0198850e+003 1.0203450e+003 1.0212253e+003 1.0218707e+003 1.0219220e+003 1.0221387e+003 1.0229580e+003 1.0239620e+003 1.0246243e+003 1.0249393e+003 1.0251243e+003 1.0252583e+003 1.0255057e+003 1.0260397e+003 1.0264793e+003 1.0265007e+003 1.0265053e+003 1.0272250e+003 1.0283483e+003 1.0290340e+003 1.0297427e+003 1.0304257e+003 1.0305927e+003 1.0312250e+003 1.0332977e+003 1.0339563e+003 1.0302523e+003 1.0281327e+003 1.0282920e+003 1.0287450e+003 1.0274097e+003 1.0251507e+003 1.0246637e+003
1.0158630e+003 1.0159767e+003 1.0161077e+003 1.0165653e+003 1.0168553e+003 1.0169623e+003 1.0174480e+003 1.0179567e+003 1.0179937e+003 1.0181520e+003 1.0187017e+003 1.0188910e+003 1.0187833e+003 1.0192840e+003 1.0200923e+003 1.0203277e+003 1.0205673e+003 1.0214623e+003 1.0221887e+003 1.0222520e+003 1.0225580e+003 1.0234590e+003 1.0241487e+003 1.0244927e+003 1.0250767e+003 1.0256687e+003 1.0258583e+003 1.0260133e+003 1.0268103e+003 1.0282570e+003 1.0295523e+003 1.0300347e+003 1.0300270e+003 1.0303307e+003 1.0317823e+003 1.0360133e+003 1.0362047e+003 1.0308973e+003 1.0281797e+003 1.0294703e+003 1.0327757e+003 1.0310270e+003 1.0283560e+003 1.0284470e+003 1.0300497e+003 1.0285650e+003 1.0258810e+003 1.0251603e+003
1.0170317e+003 1.0172000e+003 1.0174173e+003 1.0182060e+003 1.0187773e+003 1.0186193e+003 1.0184480e+003 1.0184027e+003 1.0182250e+003 1.0184677e+003 1.0194533e+003 1.0196333e+003 1.0189437e+003 1.0189157e+003 1.0195187e+003 1.0199270e+003 1.0205357e+003 1.0216077e+003 1.0219540e+003 1.0215343e+003 1.0215837e+003 1.0224707e+003 1.0234160e+003 1.0242537e+003 1.0250323e+003 1.0254207e+003 1.0258750e+003 1.0270053e+003 1.0283010e+003 1.0287403e+003 1.0286363e+003 1.0287087e+003 1.0288100e+003 1.0288067e+003 1.0288207e+003 1.0303200e+003 1.0326263e+003 1.0318830e+003 1.0291300e+003 1.0283330e+003 1.0291220e+003 1.0283263e+003 1.0278247e+003 1.0287217e+003 1.0299987e+003 1.0285087e+003 1.0267947e+003 1.0262980e+003
1.0181870e+003 1.0184097e+003 1.0178653e+003 1.0172760e+003 1.0170403e+003 1.0169783e+003 1.0173700e+003 1.0181377e+003 1.0186170e+003 1.0190957e+003 1.0195283e+003 1.0192950e+003 1.0189393e+003 1.0185933e+003 1.0185327e+003 1.0186423e+003 1.0191517e+003 1.0206850e+003 1.0211280e+003 1.0207897e+003 1.0209850e+003 1.0213213e+003 1.0218743e+003 1.0229770e+003 1.0240177e+003 1.0241770e+003 1.0241660e+003 1.0249950e+003 1.0259650e+003 1.0261703e+003 1.0263147e+003 1.0261877e+003 1.0263997e+003 1.0277550e+003 1.0290777e+003 1.0290837e+003 1.0285797e+003 1.0287450e+003 1.0289303e+003 1.0286053e+003 1.0275930e+003 1.0269963e+003 1.0273987e+003 1.0277833e+003 1.0276260e+003 1.0273370e+003 1.0272290e+003 1.0267650e+003
1.0188573e+003 1.0179233e+003 1.0166583e+003 1.0157060e+003 1.0157810e+003 1.0161437e+003 1.0160627e+003 1.0163907e+003 1.0179530e+003 1.0193230e+003 1.0188667e+003 1.0186453e+003 1.0184447e+003 1.0178980e+003 1.0177850e+003 1.0179457e+003 1.0176877e+003 1.0194213e+003 1.0207190e+003 1.0198333e+003 1.0202027e+003 1.0204367e+003 1.0209130e+003 1.0220597e+003 1.0231950e+003 1.0233570e+003 1.0233923e+003 1.0241997e+003 1.0242513e+003 1.0238813e+003 1.0254203e+003 1.0268620e+003 1.0271657e+003 1.0273687e+003 1.0285340e+003 1.0292567e+003 1.0278293e+003 1.0261383e+003 1.0258897e+003 1.0263947e+003 1.0265387e+003 1.0264557e+003 1.0268013e+003 1.0269677e+003 1.0267817e+003 1.0268533e+003 1.0272770e+003 1.0265713e+003
1.0182460e+003 1.0178343e+003 1.0174303e+003 1.0165463e+003 1.0159290e+003 1.0157570e+003 1.0156200e+003 1.0157053e+003 1.0165010e+003 1.0176153e+003 1.0176580e+003 1.0174573e+003 1.0176150e+003 1.0184957e+003 1.0184560e+003 1.0185957e+003 1.0187180e+003 1.0198150e+003 1.0209883e+003 1.0192427e+003 1.0194280e+003 1.0198267e+003 1.0198273e+003 1.0211403e+003 1.0218093e+003 1.0214610e+003 1.0221063e+003 1.0232430e+003 1.0216600e+003 1.0232313e+003 1.0249453e+003 1.0238000e+003 1.0239207e+003 1.0238793e+003 1.0238503e+003 1.0243103e+003 1.0255083e+003 1.0253167e+003 1.0237843e+003 1.0234757e+003 1.0238757e+003 1.0251420e+003 1.0257527e+003 1.0260333e+003 1.0262830e+003 1.0263693e+003 1.0261167e+003 1.0253690e+003
1.0190373e+003 1.0186330e+003 1.0182330e+003 1.0177840e+003 1.0170490e+003 1.0164733e+003 1.0163300e+003 1.0164567e+003 1.0165493e+003 1.0165707e+003 1.0162747e+003 1.0158160e+003 1.0161477e+003 1.0162843e+003 1.0163743e+003 1.0179270e+003 1.0183123e+003 1.0178020e+003 1.0196037e+003 1.0202593e+003 1.0182083e+003 1.0189377e+003 1.0190847e+003 1.0200660e+003 1.0203877e+003 1.0205310e+003 1.0208257e+003 1.0209480e+003 1.0206023e+003 1.0247270e+003 1.0234687e+003 1.0184450e+003 1.0198320e+003 1.0213600e+003 1.0191923e+003 1.0189977e+003 1.0200000e+003 1.0213557e+003 1.0226220e+003 1.0226160e+003 1.0212680e+003 1.0215677e+003 1.0230187e+003 1.0241523e+003 1.0249897e+003 1.0252993e+003 1.0255550e+003 1.0256350e+003
